126.02785491551988 102.00380859352956
126.3328672786053 134.21522515628718
128.1868023182746 139.14648470877356
15.760344041254303 148.75319447031237
150.2085048205141 154.64069125900522
150.61758463209733 154.84530185061527
150.84514775902906 162.58046980277027
157.39932071270664 169.70715268752886
169.16302232546388 180.2574412704058
170.80909147863622 186.83330973317308
112.04976626165424 102.45567491822543
165.02825060033504 106.76039617290778
189.46942553614969 11.14533676158791
55.17117784010161 11.347497782179271
75.80182537193738 67.16026686788246
102.69006044898548 143.13535206876213
104.95585432574765 153.06872918987142
130.56876242853957 160.3632059540249
135.3786444087534 167.8663825249771
141.12824343260348 175.34017539765517
